2D
- 0,0 


4D
- train
tensor([[ 0.0000, 20.1049,  0.0000, 11.7734],
        [ 0.0000, 10.8013,  0.0000,  9.2858],
        [ 0.0000,  9.1044,  0.0000,  7.0030],
        [ 0.0000, 13.7376,  0.0000, 13.4205],
        [ 0.0000, 10.5435,  0.0000, 17.2647],
        [ 0.0000,  7.1210,  0.0000,  9.5388],
        [ 0.0000,  9.9560,  0.0000, 18.4479],
        [ 0.0000,  5.1869,  0.0000,  8.8853],
        [ 0.0000,  0.0000,  0.0000, 12.3445],
        [ 0.0000, 11.4405,  0.0000,  6.5397],
        [ 0.0000,  0.0000,  0.0000, 10.1377],
        [ 0.0000, 15.7018,  0.0000, 15.3597],
        [ 0.0000,  0.0000,  0.0000, 11.4444],
        [ 0.0000, 10.1024,  0.0000, 11.9420],
        [ 0.0000,  8.5513,  0.0000, 12.4295],
        [ 0.0000, 14.8781,  0.0000, 11.8886],
        [ 0.0000,  7.9396,  0.0000, 14.6699],
        [ 0.0000, 10.4492,  0.0000, 14.2627],
        [ 0.0000,  2.6923,  0.0000,  6.7507],
        [ 0.0000,  3.9008,  0.0000, 16.1558],
        [ 0.0000,  8.8498,  0.0000, 12.6996],
        [ 0.0000, 15.4090,  0.0000, 11.4215],
        [ 0.0000,  2.7298,  0.0000,  7.8990],
        [ 0.0000, 10.1544,  0.0000, 13.0931],
        [ 0.0000,  9.2482,  0.0000, 20.9662],
[5 7 6 4 5 7 3 1 2 3]
[0.00343997 0.00369071 0.00394145 0.00419218 0.00444292 0.00469365
 0.00494439 0.00519512 0.00544586 0.0056966  0.00594733]
-test
tensor([[ 0.0000, 10.3087,  0.0000, 13.5494],
        [ 0.0000,  9.4710,  0.0000,  7.6110],
        [ 0.0000, 12.6425,  0.0000, 16.2765],
        [ 0.0000, 10.9968,  0.0000, 13.1674],
        [ 0.0000, 10.9030,  0.0000,  9.9326],
        [ 0.0000, 13.9174,  0.0000, 15.6712],
        [ 0.0000, 10.1129,  0.0000, 12.2173],
        [ 0.0000, 10.9618,  0.0000, 12.9257],
        [ 0.0000, 15.2614,  0.0000, 17.1222],
        [ 0.0000, 10.8965,  0.0000, 11.7701]])
[2 2 1 1 0 0 1 1 0 2]
[0.00290102 0.0033366  0.00377218 0.00420775 0.00464333 0.00507891
 0.00551449 0.00595007 0.00638565 0.00682123 0.00725681]



8D
-train
tensor([[ 0.0000,  0.0000,  0.0000,  0.0000, 13.4518,  0.0000,  0.6402,  0.0000],
        [ 0.0000,  0.0000,  0.0000,  0.0000, 19.7121,  0.0000, 15.4048,  0.0000],
        [ 0.0000,  0.0000,  0.0000,  0.0000, 19.5084,  0.0000,  7.0585,  0.0000],
        [ 0.0000,  0.0000,  0.0000,  0.0000,  2.5369,  0.0000,  8.7845,  0.0000],
        [ 0.0000,  0.0000,  0.0000,  0.0000, 10.9288,  0.0000, 19.9488,  0.0000],
        [ 0.0000,  0.0000,  0.0000,  0.0000,  2.1404,  0.0000, 18.9478,  0.0000],
        [ 0.0000,  0.0000,  0.0000,  0.0000, 19.8776,  0.0000, 33.8078,  0.0000],
        [ 0.0000,  0.0000,  0.0000,  0.0000, 21.7734,  0.0000, 34.0890,  0.0000],
        [ 0.0000,  0.0000,  0.0000,  0.0000, 15.0055,  0.0000,  7.8440,  0.0000],
        [ 0.0000,  0.0000,  0.0000,  0.0000, 10.2885,  0.0000, 32.2982,  0.0000],
        [ 0.0000,  0.0000,  0.0000,  0.0000, 17.7861,  0.0000, 27.3610,  0.0000],
        [ 0.0000,  0.0000,  0.0000,  0.0000, 10.9609,  0.0000, 11.6480,  0.0000],
        [ 0.0000,  0.0000,  0.0000,  0.0000, 10.2516,  0.0000, 29.3146,  0.0000],
        [ 0.0000,  0.0000,  0.0000,  0.0000, 14.0496,  0.0000, 25.2018,  0.0000],
        [ 0.0000,  0.0000,  0.0000,  0.0000,  9.6797,  0.0000,  5.7887,  0.0000],
        [ 0.0000,  0.0000,  0.0000,  0.0000, 32.9839,  0.0000,  1.5478,  0.0000],
        [ 0.0000,  0.0000,  0.0000,  0.0000,  3.1581,  0.0000, 21.3190,  0.0000],
        [ 0.0000,  0.0000,  0.0000,  0.0000, 37.3369,  0.0000, 12.3327,  0.0000],
        [ 0.0000,  0.0000,  0.0000,  0.0000, 25.7575,  0.0000,  9.3732,  0.0000],
        [ 0.0000,  0.0000,  0.0000,  0.0000, 39.1333,  0.0000,  5.6399,  0.0000],
        [ 0.0000,  0.0000,  0.0000,  0.0000,  5.1306,  0.0000, 11.6443,  0.0000],
        [ 0.0000,  0.0000,  0.0000,  0.0000,  5.3743,  0.0000, 10.8265,  0.0000],
        [ 0.0000,  0.0000,  0.0000,  0.0000,  9.6390,  0.0000, 31.7322,  0.0000],
        [ 0.0000,  0.0000,  0.0000,  0.0000,  7.9590,  0.0000, 11.8283,  0.0000],
        [ 0.0000,  0.0000,  0.0000,  0.0000,  2.3143,  0.0000, 29.7604,  0.0000],
[6 7 6 5 6 5 2 2 1 3]
[0.00349022 0.00382168 0.00415313 0.00448459 0.00481604 0.00514749
 0.00547895 0.0058104  0.00614186 0.00647331 0.00680476]
 [1 1 1 2 2 0 2 1 0 1]
[0.00333228 0.00365107 0.00396986 0.00428865 0.00460744 0.00492623
 0.00524503 0.00556382 0.00588261 0.0062014  0.00652019] val
-test
tensor([[ 0.0000,  0.0000,  0.0000,  0.0000, 12.8439,  0.0000, 21.7238,  0.0000],
        [ 0.0000,  0.0000,  0.0000,  0.0000, 17.2422,  0.0000, 19.3696,  0.0000],
        [ 0.0000,  0.0000,  0.0000,  0.0000,  8.5100,  0.0000, 12.8628,  0.0000],
        [ 0.0000,  0.0000,  0.0000,  0.0000, 11.3031,  0.0000, 17.6035,  0.0000],
        [ 0.0000,  0.0000,  0.0000,  0.0000, 12.7161,  0.0000, 17.1312,  0.0000],
        [ 0.0000,  0.0000,  0.0000,  0.0000,  5.8177,  0.0000, 11.9785,  0.0000],
        [ 0.0000,  0.0000,  0.0000,  0.0000, 10.9617,  0.0000, 17.1827,  0.0000],
        [ 0.0000,  0.0000,  0.0000,  0.0000, 11.9083,  0.0000, 18.9924,  0.0000],
        [ 0.0000,  0.0000,  0.0000,  0.0000,  6.6211,  0.0000, 10.9019,  0.0000],
        [ 0.0000,  0.0000,  0.0000,  0.0000,  9.1667,  0.0000, 13.3985,  0.0000]])
[3 2 0 1 1 0 1 1 0 1]
[0.00328536 0.00377458 0.00426381 0.00475303 0.00524225 0.00573147
 0.00622069 0.00670991 0.00719914 0.00768836 0.00817758]


 16D
 -train
 tensor([[3.3554e+00, 0.0000e+00, 0.0000e+00, 2.6415e+00, 4.6206e-01, 0.0000e+00,
         0.0000e+00, 0.0000e+00, 1.3489e+01, 8.3662e+00, 1.8776e+00, 0.0000e+00,
         0.0000e+00, 3.8009e+00, 8.8701e+00, 0.0000e+00],
        [7.1243e+00, 0.0000e+00, 0.0000e+00, 9.1916e+00, 0.0000e+00, 0.0000e+00,
         0.0000e+00, 0.0000e+00, 0.0000e+00, 4.1702e-01, 1.0233e+01, 0.0000e+00,
         0.0000e+00, 1.7153e+01, 0.0000e+00, 0.0000e+00],
        [1.8817e+01, 0.0000e+00, 0.0000e+00, 0.0000e+00, 2.4188e+01, 2.2749e-05,
         0.0000e+00, 0.0000e+00, 2.5142e+00, 5.8362e+00, 4.2723e-01, 0.0000e+00,
         0.0000e+00, 3.9289e+00, 1.2377e+01, 0.0000e+00],
        [0.0000e+00, 0.0000e+00, 0.0000e+00, 6.2222e+00, 1.2520e+01, 0.0000e+00,
         0.0000e+00, 0.0000e+00, 3.4774e+00, 6.1099e+00, 3.4750e+00, 0.0000e+00,
         0.0000e+00, 0.0000e+00, 1.5447e+01, 0.0000e+00],
        [0.0000e+00, 0.0000e+00, 0.0000e+00, 6.2823e+00, 1.2725e+01, 0.0000e+00,
         0.0000e+00, 0.0000e+00, 1.2196e+01, 1.2999e+01, 8.5382e+00, 0.0000e+00,
         0.0000e+00, 1.3308e+01, 0.0000e+00, 0.0000e+00],
        [1.4367e+01, 0.0000e+00, 0.0000e+00, 5.6693e+00, 0.0000e+00, 0.0000e+00,
         0.0000e+00, 0.0000e+00, 8.8384e+00, 4.5647e+00, 3.1067e+00, 0.0000e+00,
         0.0000e+00, 1.0209e+01, 1.5625e+01, 0.0000e+00],
        [1.0623e+01, 0.0000e+00, 0.0000e+00, 0.0000e+00, 1.6098e+01, 0.0000e+00,
         0.0000e+00, 0.0000e+00, 9.6099e+00, 7.8649e+00, 9.8341e+00, 0.0000e+00,
         0.0000e+00, 1.4034e+01, 0.0000e+00, 0.0000e+00],
        [5.9761e+00, 0.0000e+00, 0.0000e+00, 0.0000e+00, 4.6516e+00, 0.0000e+00,
         0.0000e+00, 0.0000e+00, 5.8820e+00, 1.4471e+01, 3.9624e+00, 0.0000e+00,
         0.0000e+00, 7.3710e-01, 1.2059e+01, 0.0000e+00],
        [6.8688e+00, 0.0000e+00, 0.0000e+00, 5.2384e+00, 0.0000e+00, 0.0000e+00
[1 0 4 2 3 0 0 0 0 1]
[0.0027902  0.00298909 0.00318798 0.00338687 0.00358576 0.00378465
 0.00398354 0.00418243 0.00438132 0.00458022 0.00477911]
 -test
 tensor([[1.8867e+00, 0.0000e+00, 0.0000e+00, 0.0000e+00, 3.5891e+00, 0.0000e+00,
         0.0000e+00, 0.0000e+00, 5.5162e+00, 1.1962e+01, 8.5834e+00, 0.0000e+00,
         0.0000e+00, 4.1212e+00, 1.2059e+01, 0.0000e+00],
        [0.0000e+00, 0.0000e+00, 0.0000e+00, 0.0000e+00, 1.4856e+00, 0.0000e+00,
         0.0000e+00, 0.0000e+00, 4.4286e+00, 6.0570e+00, 1.0253e+01, 0.0000e+00,
         0.0000e+00, 8.2805e+00, 9.0774e+00, 0.0000e+00],
        [5.2558e+00, 0.0000e+00, 0.0000e+00, 0.0000e+00, 7.5223e+00, 0.0000e+00,
         0.0000e+00, 0.0000e+00, 6.8738e+00, 1.0858e+01, 8.1698e+00, 0.0000e+00,
         0.0000e+00, 2.6404e+00, 2.1415e+00, 0.0000e+00],
        [2.8542e+00, 0.0000e+00, 0.0000e+00, 0.0000e+00, 9.2756e+00, 0.0000e+00,
         0.0000e+00, 0.0000e+00, 1.4240e+00, 1.0053e+01, 1.4831e+01, 0.0000e+00,
         0.0000e+00, 8.2896e+00, 1.8544e+00, 0.0000e+00],
        [0.0000e+00, 0.0000e+00, 0.0000e+00, 0.0000e+00, 3.6280e+00, 0.0000e+00,
         0.0000e+00, 0.0000e+00, 4.0833e+00, 4.8446e+00, 1.1605e+01, 0.0000e+00,
         0.0000e+00, 9.3096e+00, 8.9298e+00, 0.0000e+00],
        [8.4134e+00, 0.0000e+00, 0.0000e+00, 0.0000e+00, 1.1645e+01, 0.0000e+00,
         0.0000e+00, 0.0000e+00, 1.1572e+00, 1.0498e+01, 1.1392e+01, 0.0000e+00,
         0.0000e+00, 5.3107e+00, 6.8885e-01, 0.0000e+00],
        [1.9603e+00, 0.0000e+00, 0.0000e+00, 0.0000e+00, 1.1683e+01, 0.0000e+00,
         0.0000e+00, 0.0000e+00, 6.3113e+00, 1.1994e+01, 1.3105e+01, 0.0000e+00,
         0.0000e+00, 8.8330e+00, 0.0000e+00, 0.0000e+00],
        [4.2251e+00, 0.0000e+00, 0.0000e+00, 0.0000e+00, 6.2719e+00, 0.0000e+00,
         0.0000e+00, 0.0000e+00, 3.5736e+00, 1.3199e+01, 1.0782e+01, 0.0000e+00,
         0.0000e+00, 5.3218e+00, 4.9175e+00, 0.0000e+00],
        [9.4584e+00, 0.0000e+00, 0.0000e+00, 0.0000e+00, 8.2862e+00, 1.5240e-04,
 [1 2 1 1 1 1 0 1 1 1]
[0.00244695 0.00268651 0.00292606 0.00316562 0.00340518 0.00364474
 0.00388429 0.00412385 0.00436341 0.00460297 0.00484252]

 32D
 -train
tensor([[0.0000e+00, 0.0000e+00, 0.0000e+00, 0.0000e+00, 1.6280e+01, 0.0000e+00,
         0.0000e+00, 0.0000e+00, 1.5210e+00, 0.0000e+00, 0.0000e+00, 0.0000e+00,
         0.0000e+00, 0.0000e+00, 1.3558e+01, 9.0284e-01, 0.0000e+00, 0.0000e+00,
         0.0000e+00, 0.0000e+00, 5.8832e+00, 2.8898e+00, 2.8890e+00, 0.0000e+00,
         0.0000e+00, 7.6679e-01, 0.0000e+00, 6.6153e+00, 0.0000e+00, 4.1808e+00,
         0.0000e+00, 0.0000e+00],
        [0.0000e+00, 0.0000e+00, 0.0000e+00, 0.0000e+00, 4.6016e+00, 0.0000e+00,
         0.0000e+00, 0.0000e+00, 5.1397e+00, 0.0000e+00, 0.0000e+00, 0.0000e+00,
         0.0000e+00, 0.0000e+00, 1.2845e+01, 9.6665e+00, 6.7991e+00, 0.0000e+00,
         0.0000e+00, 0.0000e+00, 0.0000e+00, 1.4483e-01, 2.9694e+00, 0.0000e+00,
         0.0000e+00, 3.6241e+00, 0.0000e+00, 0.0000e+00, 0.0000e+00, 0.0000e+00,
         0.0000e+00, 0.0000e+00],
        [0.0000e+00, 0.0000e+00, 0.0000e+00, 0.0000e+00, 1.2089e+00, 0.0000e+00,
         0.0000e+00, 0.0000e+00, 6.5088e+00, 0.0000e+00, 0.0000e+00, 7.8694e+00,
         0.0000e+00, 0.0000e+00, 7.1174e+00, 1.4829e+01, 0.0000e+00, 0.0000e+00,
         0.0000e+00, 0.0000e+00, 0.0000e+00, 0.0000e+00, 0.0000e+00, 0.0000e+00,
         0.0000e+00, 2.1053e+00, 0.0000e+00, 3.3793e+00, 0.0000e+00, 6.5995e+00,
         0.0000e+00, 0.0000e+00],
        [0.0000e+00, 0.0000e+00, 0.0000e+00, 0.0000e+00, 8.4386e-01, 0.0000e+00,
         0.0000e+00, 0.0000e+00, 7.3512e+00, 0.0000e+00, 0.0000e+00, 4.1667e+00,
         0.0000e+00, 0.0000e+00, 7.6986e+00, 0.0000e+00, 8.6769e+00, 5.3382e+00,
         0.0000e+00, 0.0000e+00, 0.0000e+00, 9.3227e-01, 1.5709e+01, 0.0000e+00,
         0.0000e+00, 1.4120e+01, 0.0000e+00, 0.0000e+00, 0.0000e+00, 0.0000e+00,
         0.0000e+00, 0.0000e+00],
        [0.0000e+00, 0.0000e+00, 0.0000e+00, 0.0000e+00, 5.1508e+00, 0.0000e+00,
[4 1 1 2 1 0 0 1 0 1]
[0.00246246 0.00265249 0.00284252 0.00303255 0.00322258 0.00341261
 0.00360264 0.00379267 0.0039827  0.00417273 0.00436276]
 -test
 tensor([[ 0.0000,  0.0000,  0.0000,  0.0000, 12.5243,  0.0000,  0.0000,  0.0000,
          0.1735,  0.0000,  0.0000,  2.3561,  0.0000,  0.0000,  2.5021,  3.3583,
          0.0000,  0.0000,  0.0000,  0.0000,  2.4669,  0.0000,  3.1422,  0.0000,
          0.0000,  2.1655,  0.0000,  8.5638,  0.0000,  2.8749,  0.0000,  0.0000],
        [ 0.0000,  0.0000,  0.0000,  0.0000,  7.1372,  0.0000,  0.0000,  0.0000,
          0.0000,  0.0000,  0.0000,  7.4835,  0.0000,  0.0000,  4.7504,  1.1438,
          0.7437,  0.0000,  0.0000,  0.0000,  4.5305,  0.0000,  0.8252,  0.0000,
          0.0000,  0.0000,  0.0000,  9.3579,  0.0000,  2.2831,  0.0000,  0.0000],
        [ 0.0000,  0.0000,  0.0000,  0.0000, 12.4168,  0.0000,  0.0000,  0.0000,
          1.1470,  0.0000,  0.0000,  3.7041,  0.0000,  0.0000,  2.0631,  1.0728,
          4.7378,  0.0000,  0.0000,  0.0000,  0.0000,  0.1762, 10.8171,  0.0000,
          0.0000, 11.5973,  0.0000,  0.0000,  0.0000,  0.0000,  0.0000,  0.0000],
        [ 0.0000,  0.0000,  0.0000,  0.0000,  4.8149,  0.0000,  0.0000,  0.0000,
          0.9221,  0.0000,  0.0000,  9.2151,  0.0000,  0.0000,  1.8680,  0.7934,
          3.3506,  2.6882,  0.0000,  0.0000,  0.0000,  0.0000,  7.5552,  0.0000,
          0.0000, 10.0061,  0.0000,  4.6369,  0.0000,  0.0000,  0.0000,  0.0000],
        [ 0.0000,  0.0000,  0.0000,  0.0000,  6.0883,  0.0000,  0.0000,  0.0000,
          0.0000,  0.0000,  0.0000, 11.0147,  0.0000,  0.0000,  5.7231,  1.2821,
          1.2622,  0.0000,  0.0000,  0.0000,  6.0010,  0.0000,  3.7448,  0.0000,
          0.0000,  0.0000,  0.0000, 11.5140,  0.0000,  0.9006,  0.0000,  0.0000],
        [ 0.0000,  0.0000,  0.0000,  0.0000,  3.9626,  0.0000,  0.0000,  0.0000,
          2.7113,  0.0000,  0.0000,  8.1032,  0.0000,  0.0000,  0.6381,  0.0000,
          2.7168,  2.9487,  0.0000,  0.0000,  0.0000,  0.8543, 16.3509,  0.0000,
          0.0000, 13.5797,  0.0000,  0.7312,  0.0000,  0.0000,  0.0000,  0.0000],
        [ 0.0000,  0.0000,  0.0000,  0.0000,  9.3585,  0.0000,  0.0000,  0.0000,
 [2 1 1 2 0 1 0 1 1 1]
[0.00215541 0.00266772 0.00318002 0.00369233 0.00420463 0.00471693
 0.00522924 0.00574154 0.00625385 0.00676615 0.00727846]


 64D
 -train
tensor([[0.0000e+00, 0.0000e+00, 7.1291e-01, 0.0000e+00, 2.1620e+00, 0.0000e+00,
         0.0000e+00, 0.0000e+00, 0.0000e+00, 0.0000e+00, 0.0000e+00, 0.0000e+00,
         0.0000e+00, 0.0000e+00, 0.0000e+00, 6.4879e-01, 0.0000e+00, 1.5551e+00,
         0.0000e+00, 0.0000e+00, 6.4344e+00, 0.0000e+00, 0.0000e+00, 0.0000e+00,
         0.0000e+00, 8.5965e+00, 0.0000e+00, 0.0000e+00, 2.0278e+00, 0.0000e+00,
         0.0000e+00, 4.0638e+00, 0.0000e+00, 0.0000e+00, 0.0000e+00, 0.0000e+00,
         0.0000e+00, 7.1682e-01, 0.0000e+00, 0.0000e+00, 0.0000e+00, 0.0000e+00,
         0.0000e+00, 0.0000e+00, 0.0000e+00, 0.0000e+00, 0.0000e+00, 0.0000e+00,
         0.0000e+00, 1.0393e-01, 1.8012e+00, 0.0000e+00, 0.0000e+00, 0.0000e+00,
         2.1082e+00, 0.0000e+00, 0.0000e+00, 0.0000e+00, 0.0000e+00, 0.0000e+00,
         1.4322e+00, 1.1705e+00, 0.0000e+00, 0.0000e+00],
        [0.0000e+00, 0.0000e+00, 0.0000e+00, 0.0000e+00, 0.0000e+00, 0.0000e+00,
         0.0000e+00, 2.1706e+00, 0.0000e+00, 0.0000e+00, 0.0000e+00, 0.0000e+00,
         0.0000e+00, 0.0000e+00, 0.0000e+00, 3.4862e+00, 0.0000e+00, 0.0000e+00,
         0.0000e+00, 0.0000e+00, 2.7591e+00, 0.0000e+00, 0.0000e+00, 0.0000e+00,
         0.0000e+00, 9.6724e+00, 0.0000e+00, 0.0000e+00, 0.0000e+00, 0.0000e+00,
         0.0000e+00, 9.1751e-01, 0.0000e+00, 6.4891e+00, 0.0000e+00, 0.0000e+00,
         0.0000e+00, 1.7219e+00, 0.0000e+00, 0.0000e+00, 0.0000e+00, 1.4403e+01,
         0.0000e+00, 0.0000e+00, 0.0000e+00, 0.0000e+00, 0.0000e+00, 0.0000e+00,
         0.0000e+00, 0.0000e+00, 6.4532e+00, 0.0000e+00, 0.0000e+00, 0.0000e+00,
         9.5473e+00, 0.0000e+00, 0.0000e+00, 0.0000e+00, 0.0000e+00, 0.0000e+00,
         8.1942e-01, 1.6178e+00, 0.0000e+00, 0.0000e+00],
        [0.0000e+00, 0.0000e+00, 0.0000e+00, 0.0000e+00, 0.0000e+00, 0.0000e+00,
         0.0000e+00, 3.4348e+00, 0.0000e+00, 0.0000e+00, 0.0000e+00, 0.0000e+00,
         0.0000e+00, 0.0000e+00, 0.0000e+00, 1.9182e+00, 0.0000e+00, 0.0000e+00,
[2 2 1 2 0 1 1 0 1 1]
[0.00256874 0.00269485 0.00282097 0.00294709 0.0030732  0.00319932
 0.00332543 0.00345155 0.00357766 0.00370378 0.00382989]
 -test
Output exceeds the size limit. Open the full output data in a text editor
tensor([[ 0.0000,  0.0000,  0.0000,  0.0000,  3.8270,  0.0000,  0.0000,  1.9738,
          0.0000,  0.0000,  0.0000,  0.0000,  0.0000,  0.0000,  0.0000,  0.0000,
          0.0000,  4.2584,  0.0000,  0.0000,  8.3813,  0.0000,  0.0000,  0.0000,
          0.0000,  2.5638,  0.0000,  0.0000,  0.0000,  0.0000,  0.0000,  4.9521,
          0.0000,  0.6819,  0.0000,  0.0000,  0.0000,  0.0000,  0.0000,  0.0000,
          0.0000,  0.0000,  0.0000,  0.0000,  0.0000,  0.0000,  0.0000,  0.0000,
          0.0000,  0.8127,  0.1113,  0.0000,  0.0000,  0.0000,  0.0000,  0.0000,
          0.0000,  0.0000,  0.0000,  0.0000,  2.6901,  0.7066,  0.0000,  0.0000],
        [ 0.0000,  0.0000,  0.0000,  0.0000,  3.6541,  0.0000,  0.0000,  0.5021,
          0.0000,  0.0000,  0.0000,  0.0000,  0.0000,  0.0000,  0.0000,  0.0000,
          0.0000,  1.2952,  0.0000,  0.0000,  4.8813,  0.0000,  0.0000,  0.0000,
          0.0000,  0.0000,  0.0000,  0.0000,  0.0000,  0.0000,  2.0676,  3.6755,
          0.0000,  3.4127,  0.0000,  0.0000,  0.0000,  0.0000,  0.0000,  0.0000,
          0.0000,  1.2707,  0.0000,  0.0000,  0.0000,  0.0000,  0.0000,  0.0000,
          0.0000,  0.7335,  4.9209,  0.0000,  0.0000,  0.0000,  0.0000,  0.0000,
          0.0000,  0.0000,  0.0000,  0.0000,  1.8323,  0.1310,  0.0000,  0.0000],
        [ 0.0000,  0.0000,  0.0000,  0.0000,  0.2840,  0.0000,  0.0000,  4.1526,
          0.0000,  0.0000,  0.0000,  0.0000,  0.0000,  0.0000,  0.0000,  0.4191,
          0.0000,  0.0000,  0.0000,  0.0000,  6.9480,  0.0000,  0.0000,  0.0000,
          0.0000,  7.4071,  0.0000,  0.0000,  0.1033,  0.0000,  0.0000,  5.1758,
          0.0000,  3.0250,  0.0000,  0.0000,  0.0000,  3.3606,  0.0000,  0.0000,
          0.0000,  9.4807,  0.0000,  0.0000,  0.0000,  0.0000,  0.0000,  0.0000,
          0.0000,  0.0000,  0.0000,  0.0000,  0.0000,  0.0000,  6.4046,  0.0000,
          0.0000,  0.0000,  0.0000,  0.0000,  0.0000,  0.0000,  0.0000,  0.0000],
        [ 0.0000,  0.0000,  0.0000,  0.0000,  0.0000,  0.0000,  0.0000,  0.0000,

[ 4 12  3 13  4  5  1  0  0  1]
[0.00181737 0.00195905 0.00210074 0.00224242 0.0023841  0.00252579
 0.00266747 0.00280915 0.00295084 0.00309252 0.0032342 ]